"a.Country" "X1980" "X1981" "X1982" "X1983" "X1984" "X1985" "X1986" "X1987" "X1988" "X1989" "X1990" "X1991" "X1992" "X1993" "X1994" "X1995" "X1996" "X1997" "X1998" "X1999" "X2000" "X2001" "X2002" "X2003" "X2004" "X2005" "X2006" "X2007" "X2008" "X2009"
"1" "Former Serbia and Montenegro" NA NA NA NA NA NA NA NA NA NA NA NA 45.46 39.22 37.88 30.81 50 51.15 53.63 40.53 43.01 43.75 48.94 52.47 53.79 48.99 NA NA NA NA
"2" "Former Yugoslavia" 105.93 115.24 118.29 123.66 143.61 150.22 148.09 150.06 152.26 152.77 149.98 133.95 NA NA NA NA NA NA NA NA NA NA NA NA NA NA NA NA NA NA
"3" "Germany, East" 296.79 296.97 299.96 295.37 310.83 326.08 318.76 319.91 318.86 309.73 292.49 NA NA NA NA NA NA NA NA NA NA NA NA NA NA NA NA NA NA NA
"4" "Germany, West" 759.25 720.63 696.6 696.99 711 688.15 718.59 704.64 698.28 676.91 698.14 NA NA NA NA NA NA NA NA NA NA NA NA NA NA NA NA NA NA NA
"5" "Former U.S.S.R." 3081.87 3110.54 3224.42 3287.42 3421.94 3535.69 3667.95 3718.86 3808.25 3739.09 3820.85 3521.39 NA NA NA NA NA NA NA NA NA NA NA NA NA NA NA NA NA NA
"6" "Hawaiian Trade Zone" 6.34 7.34 6.76 6.45 7.66 7.38 4.54 NA NA NA NA NA NA NA NA NA NA NA NA NA NA NA NA NA NA NA NA NA NA NA
"7" "World" 18433.92 18198.52 18092.31 18241.5 19106.25 19542.06 19941.88 20493.15 21170.48 21471.48 21615.99 21505.09 21421.45 21631.23 21798.41 22150.06 22652.46 23072.86 23007.82 23319.69 23803.63 23949.92 24681.01 25891.86 27517.97 28366.15 28939.22 29784.38 30493.23 30398.42
"8" "Asia & Oceania" 3541.47 3599.4 3657.11 3774.42 4094.74 4277.98 4411.17 4620.17 4957.3 5107.43 5262.88 5485.04 5676.26 5998.03 6375.42 6637.79 6772.08 7117.77 6960.28 7114.33 7226.09 7416.29 8012.31 8765.61 9988.2 10546.09 11012.64 11657.88 12338.41 13264.09
"9" "China" 1448.46 1439.86 1506.94 1593.39 1724.49 1857.81 1970.82 2102.78 2240.37 2275.34 2269.71 2369.25 2449.16 2626.64 2831.55 2861.68 2893.38 3081.74 2967.26 2885.72 2849.75 2969.58 3464.84 4069.24 5089.78 5512.7 5817.14 6260.03 6803.92 7710.5
"10" "North America" 5475.03 5356.05 5116.87 5060.11 5332.23 5329.83 5308.95 5493.8 5745.46 5854.51 5814.66 5774.08 5893.04 5992.32 6094.31 6151.11 6360.15 6473.86 6538.78 6608 6819.3 6696.6 6754.63 6838.66 6959.38 7014.04 6949.2 7073.77 6885.07 6410.54
"11" "United States" 4776.57 4646.85 4410.83 4388.02 4618.83 4604.84 4612.97 4769.96 4989.55 5069.96 5041 4997.69 5093.53 5188.87 5261.43 5319.89 5506.37 5578.43 5617.03 5677.1 5861.82 5753.7 5801.17 5850.63 5968.49 5991.47 5913.68 6018.13 5833.13 5424.53
"12" "Europe" 4680.33 4507.98 4423.62 4398.65 4452.75 4553.82 4594.94 4643.72 4583.29 4640.64 4545.69 4454.94 4319.5 4301.68 4242.84 4309.03 4449.76 4460.04 4447.03 4392.98 4457.78 4505.27 4489.16 4631.77 4673.78 4676.73 4716.73 4699.86 4628.98 4310.3
"13" "Eurasia" 3081.87 3110.54 3224.42 3287.42 3421.94 3535.69 3667.95 3718.86 3808.25 3739.09 3820.85 3521.39 3213.38 2938.61 2576.82 2467.47 2389.49 2215.26 2211.54 2291.79 2327.48 2282.54 2323.82 2423.84 2482.47 2519.18 2547.68 2551.03 2595.86 2358.03
"14" "Middle East" 490.73 467.89 487.76 530.93 557.17 579.18 621.7 647.27 680.64 712.32 729.88 783.83 814.96 840.96 884.81 901.31 934.72 988.89 1019.47 1056.72 1093.94 1119.52 1177.01 1242.2 1332.96 1449.21 1501.62 1555.95 1658.55 1714.09
"15" "India" 291.23 337.78 349.74 367.4 421.91 447.38 473.74 486.59 522.28 553.48 578.62 620.85 659.37 690.76 733.91 870.23 827.81 870.04 906.33 962.3 1002.95 1025.68 1015.84 1032.07 1125.84 1183.28 1282.68 1378.29 1473.73 1602.12
"16" "Russia" NA NA NA NA NA NA NA NA NA NA NA NA 2020.19 1863.34 1688.83 1603.06 1582.01 1456.39 1461.65 1535.52 1556.1 1522.91 1545.72 1600.52 1639.41 1652.69 1675.47 1652.74 1698.38 1572.07
"17" "Central & South America" 627.37 620.21 612.19 594.58 621.15 624.63 670.39 687.49 697.46 715.91 716.33 738.43 743.59 783.85 812.03 857.61 903.17 949.12 974.45 982.9 991.8 1013.99 1005.76 1021.13 1064.4 1104.02 1149.07 1146.05 1228.65 1219.78
"18" "Africa" 537.12 536.44 570.34 595.39 626.27 640.93 666.79 681.84 698.09 701.59 725.7 747.39 760.72 775.79 812.17 825.73 843.09 867.92 856.28 872.97 887.25 915.72 918.32 968.63 1016.78 1056.89 1062.29 1099.85 1157.71 1121.59
"19" "Japan" 947.01 945.01 899.79 867.13 935.74 926.25 877.53 890.4 959.77 989.37 1046.98 1066.42 1073.47 1064.34 1118.44 1116.24 1134.96 1157.75 1113.11 1156.38 1201.43 1193.69 1199.95 1249.72 1256.26 1241.26 1239.89 1254.44 1215.48 1097.96
"20" "Germany" NA NA NA NA NA NA NA NA NA NA NA 928.95 895.05 892.94 875.34 890.82 890.3 887.69 869.9 838.88 854.66 877.98 855.33 871.93 867.47 847.36 850.62 827.23 823.07 765.56
"21" "Canada" 457.45 442.09 423.27 410.64 433.62 443.67 427.82 445.23 478.05 492.57 470.59 465.79 484.98 485.46 495.32 508.74 519.99 544.91 549.3 566.38 573.27 561.88 567.56 597.02 611.58 623.43 597.23 610 598.46 540.97
"22" "Korea, South" 131.74 137.9 138.95 148.49 163.62 172.32 180.3 185.69 207.81 219.51 242.13 269.67 293.46 330.64 351.42 381.43 396.9 426.26 380.75 423.58 438.83 449.99 466.9 476.63 485.91 493.8 484.21 503.1 521.77 528.13
"23" "Iran" 116.83 108.1 133.66 155.98 151.04 159.94 165.4 174.2 180.71 195.33 202.11 226.53 234.74 238.28 250.8 262.2 262.94 290.7 294.6 317.23 320.62 334.19 365 386.85 406.58 449.22 475.85 487.93 510.61 527.18
"24" "United Kingdom" 613.57 599.33 571.94 577.65 564.16 589.26 595.24 606.73 599.4 612.11 601.82 609.98 577.03 582.62 572.24 560.13 588.85 566.8 561.81 556.89 560.34 572.7 561.68 572.58 583.42 583.06 585.5 569.89 563.88 519.94
"25" "Saudi Arabia" 176.92 175.22 165.57 166.32 184.01 179.22 190.09 191.15 200.25 198.88 208.02 226.46 235.46 232.93 239.93 235.29 250.08 255.12 258.18 264.04 290.54 301.34 311.62 347.26 388.76 405.54 406.14 424.4 455.62 470
"26" "South Africa" 235.03 254.7 272.94 276.58 296.47 302.05 308.73 315.23 319.55 297.99 297.98 310.37 320.19 318.99 347.17 347.47 352.28 383.8 365.33 376.65 386.01 392.72 379.98 412.73 442.2 432.53 444.6 462.9 482.88 450.44
"27" "Mexico" 240.33 266.51 282.14 260.79 279.14 280.7 267.49 277.68 276.85 290.77 302.16 309.8 313.35 316.83 336.39 321.37 332.66 349.4 371.31 363.38 383.05 379.85 384.73 389.79 378.03 397.81 436.95 444.26 452.05 443.61
"28" "Brazil" 185.66 175.22 172.75 163.8 180.87 192.66 212.67 219.16 221.46 226.76 237.33 245.69 237.4 257.97 269.08 289.09 306.68 325.45 324.11 335.71 344.36 348.53 346.62 345.8 355.73 369.74 383.14 365.22 421.6 420.16
"29" "Australia" 198.83 204.62 207.96 218.26 235.42 237.7 234.55 250.93 246.23 261.51 267.6 268.32 274.87 283.29 281.62 289.07 302.31 331.3 337.45 355.34 356.31 370.06 374.59 376.08 387.86 397.22 400.86 410.35 425.34 417.68
"30" "Indonesia" 85.8 91.93 92.44 94.22 98.04 101.35 110.19 117.17 125.39 140.16 155.98 170 180.43 200.02 210.05 214.82 238.5 246.54 240.44 264.92 266.26 272.32 288.61 294.33 307.89 330.61 360.29 388.63 403.74 413.29
"31" "Italy" 371.79 365.74 355.31 346.34 350.67 365.74 371.49 391.83 397.04 412.5 415.41 416.44 415.1 412.2 403.74 431.43 423.49 423.99 440.85 440.58 447.72 444.81 451.83 472.22 468.93 471.89 467.49 459.53 449.75 407.87
"32" "France" 488.92 443.73 423.31 408.54 394.77 396.76 362.82 355.41 340.33 365.2 367.68 392.79 382.07 368.57 361.25 372.54 390.46 384.13 409.44 403.27 401.65 405.64 401.73 408.38 410.91 413.96 416.37 423.06 428.54 396.65
"33" "Spain" 195 205.23 220.94 225.59 210.62 205.04 199.24 201.32 202.17 221.59 224.14 237 241.81 230.62 236.88 243.38 237.38 265.34 275.02 298.67 317.49 322.27 340.03 348.95 369.84 382.9 376.06 387.93 360.13 329.86
"34" "Taiwan" 70.64 63.97 63.31 70.88 81.54 81.59 88.54 91.66 106.22 117.26 118.31 124.34 131.66 150.58 162.11 182.43 197.21 209.22 223.61 225.19 256.13 247.84 273.02 289.01 285.21 288.82 297.08 305.18 301.94 290.88
"35" "Poland" 428.95 386.61 390.17 391.1 408.79 422.04 427.78 440.86 429.85 412.78 333.79 329.41 327.78 338.64 321.85 308.16 344.43 336.56 313.85 326.43 292.56 276.42 274.24 284.79 292.19 287.59 299.15 295.95 294.78 285.79
"36" "Ukraine" NA NA NA NA NA NA NA NA NA NA NA NA 533.08 494.33 413.15 421.45 364.36 342.22 331.34 325.68 324.87 316.74 324.68 355.28 344.66 353.58 333.31 356.81 355.48 255.07
"37" "Thailand" 33.56 34.4 33.14 35.55 39.44 44.55 45.51 51.51 58.99 69.96 83.93 92.92 100.78 114.61 127.99 145.13 170.24 176.78 162.7 171.44 161.75 172.04 187.05 205.67 225.46 241.78 237.22 245.86 253.55 253.38
"38" "Turkey" 68.59 63.12 73.27 78.49 82 93.11 105.7 109.7 103.46 119.96 129.48 137.29 138.06 144.58 139.95 153.19 169.11 182.28 184.13 181.61 201.93 184.18 194.53 206.03 210.47 230.9 250.96 280.19 272.9 253.06
"39" "Netherlands" 201.1 193.27 181.66 174.05 183.91 191.19 195.33 200.68 203.85 203.16 211.12 218.61 212.44 222.16 222.13 222.61 228.07 238.48 237.92 235.52 246.27 261.48 254.19 257.61 264.55 268.48 269.93 258.1 249.5 248.91
"40" "United Arab Emirates" 30.31 35.11 35.72 42.7 47.56 59.31 67.08 71.24 78.22 81.94 79.08 94.6 102.05 95.79 94.41 100.94 103.71 112.07 116.84 118.39 115.72 115.33 123.81 127.14 133.52 139.79 155.33 171.63 195.85 193.43
"41" "Egypt" 40.92 48.92 54.66 64 69.97 75.6 81.84 83.93 83.39 86.09 92.63 94.22 93.8 95.36 98.51 99.24 108.5 112.06 114.89 117.57 119.97 129.3 133.42 143.23 152.81 160.81 152.69 162.31 185.85 192.38
"42" "Kazakhstan" NA NA NA NA NA NA NA NA NA NA NA NA 260.97 225.76 167.03 139.12 141.38 119.18 115.46 132.29 141.82 146.64 150.42 146.74 164.58 166.81 181.48 177.17 168.48 185.06
"43" "Argentina" 92.84 90.18 96.45 98.21 103.82 97.45 103.53 110.11 111.66 112.51 102.66 108.85 109.91 119.85 116.52 119.79 130.11 130.32 136.06 140.08 138.38 128.34 121.18 134.16 140.84 151.86 157.24 169.91 172.47 166.92
"44" "Venezuela" 94.27 101.53 101.61 96.09 96.14 96.4 104.33 105.71 104.06 108.02 109.73 111.48 111.72 113.54 119.41 124.41 133.29 134.96 142.29 133.09 134.45 148.7 146.7 133.64 142.98 145.88 150.83 155.12 164.31 161.96
"45" "Singapore" 29.41 30.89 32.69 32.49 34.44 33.44 41.34 46.03 49.01 53.35 57.73 61.18 68.11 75.85 81.89 82.97 98.49 100.25 104.54 104.89 107.64 111.96 110.26 112.66 126.4 133.85 140.1 151.51 161.23 161.12
"46" "Malaysia" 26.33 27.49 28.97 35.76 41.81 44.52 49.03 46.14 47.13 52.57 64.98 67.11 72.85 77.26 86.26 89.5 101.74 102.19 102.79 106.48 117.47 124.14 136.09 144.6 145.26 147.61 150.24 148.39 148.3 148.01
"47" "Pakistan" 33.67 36.36 42.42 41.57 42.48 46.61 50.79 56.03 58.22 62.09 66.98 68.09 70.17 77.79 84.96 87.69 95.22 95.79 99.16 106.47 109 104.06 103.56 105.39 110.98 117.51 131.04 141.24 139.71 140.29
"48" "Belgium" 135.69 138.05 129.16 114.29 118.77 119.24 120.68 119.86 117.02 123.52 125.27 129.94 124.42 125.72 135.29 138.84 142.65 145.52 150.72 143.03 148.1 145.29 142.22 150.92 153.35 150.83 142.33 141.72 154.76 137.36
"49" "Uzbekistan" NA NA NA NA NA NA NA NA NA NA NA NA 95.95 115.8 97.89 105.07 103.48 103.18 101.81 103.09 107.73 112.59 115.35 116.02 122.5 117.11 121.15 122.87 127.1 115.16
"50" "Algeria" 66.98 54.69 66 71.59 74.94 71.31 71.75 77.18 80.59 78.85 83.12 85.8 82.05 82.27 84.22 88.04 84.62 80.83 84.86 84.56 83.63 79.16 81.68 81.7 80.49 90.14 94.65 101.54 107.28 113.92
"51" "Iraq" 51.67 37.76 36.8 42.74 42.86 47.59 56.12 53.3 59.99 64.25 69.19 42.46 57.69 66.44 76.92 77.09 76.97 69.83 72.18 75.44 73.58 77.68 79.6 71.58 78.41 95.31 91.91 94.55 100 103.7
"52" "Greece" 51.97 52.57 51.14 54.47 55.85 60.62 63.69 69.72 74.8 78.11 81.5 81.42 79.59 83.3 84.73 85.84 86.73 91.17 96.99 95.64 101.29 103.12 102.39 106.18 105.16 105.33 105.72 109.47 106.04 100.37
"53" "Vietnam" 13.4 13.01 14.17 14.33 14.84 16.8 14.96 16.98 14.89 16.65 16.84 17.41 17.39 21.6 22.94 29.97 35.96 37.94 40.26 42.93 46.11 49.15 56.21 60.23 74.61 76.28 83.67 88.77 103.86 98.76
"54" "Czech Republic" NA NA NA NA NA NA NA NA NA NA NA NA NA 116.79 110.23 111.01 116.54 99.38 94.75 85.61 94.6 95.57 92.54 93.39 90.29 93.91 96.83 103.55 99.1 95.32
"55" "Hong Kong" 18.17 18.83 21.38 24.95 26.62 28.33 32.14 36.11 39.89 41.41 40.06 42.55 45.13 48.22 45.23 47.38 48.41 45.92 51.66 61.72 55.72 60.25 66.01 70 78.07 80.62 80.25 83.02 77.92 85.98
"56" "Kuwait" 31.41 23.6 23.11 25.5 26.49 25.67 29.62 33.87 38.43 43.08 27.74 42.48 23.51 30.71 37.45 39.99 49.32 52.82 56.79 56.49 59.5 57.46 56.23 63.44 67.87 76.72 77.31 76.18 79.83 84.87
"57" "Romania" 170.9 173.62 179.43 186.26 180.88 182.74 187.83 192.57 190.55 196.84 176.1 135.66 129.83 123.16 116.94 123.64 126.54 120.32 100.55 91.18 93.28 102 99.99 99.7 100.48 99.8 101.66 101.55 96.56 80.52
"58" "Korea, North" 110.51 114.45 120.27 125.74 129.53 135.44 134.88 129.08 161.2 129.05 124.18 121.11 105.77 97.69 90.53 83.08 71.6 66.35 59.78 65.75 69.4 71.11 68.39 69.98 71.6 74.66 75.72 62.89 69.57 79.55
"59" "Nigeria" 69.14 58.82 56.19 55.56 58.76 61 59.9 60.68 63.77 76.65 82.48 88.63 94.09 96.65 95.35 100.16 101.74 92.03 88.75 84.82 80.75 91.51 90.94 92.77 92.26 107.6 103.15 100.28 100.16 77.75
"60" "Philippines" 33.86 32.15 31.9 30.97 28.55 27.1 28.72 33.77 35.66 40.04 41.39 41.7 46.09 50.66 53.16 57.83 60.29 65.74 66.88 69.36 70.88 71.63 72.42 73.59 75.98 76.22 75.1 75.78 74.57 72.39
"61" "Israel" 23.5 24.86 26.04 27.25 27.52 26.52 28.05 30.54 32.94 33.88 34.97 36.14 41.85 46.04 48.6 49.08 49.6 54.54 56.42 57.58 60.33 67.13 65.57 64.64 66.15 69 68.6 69.56 67.26 70.48
"62" "Colombia" 39.66 40.97 41.77 42.93 45.64 45.25 45.13 42.68 47.18 47.62 41.42 47.84 53.65 55.09 53.83 54.01 56.89 62.79 64.35 57.74 57.69 56.52 55.41 57.11 55.84 60.09 61.07 62.13 64.99 70.15
"63" "Austria" 55.84 54.49 51.07 51.06 54.36 55.07 53.84 54.96 52.69 52.87 55.71 60.2 56.94 58.37 57.78 59.27 64.91 64.34 67.23 64.75 64.73 68.67 71.65 75.31 76.65 78.72 74.32 72.29 71.01 69.24
"64" "Qatar" 13.86 14.03 14.15 12.83 15.43 13.83 14.28 14.52 14.81 15.36 18.78 22.31 25.59 29.92 30.01 30.31 31.02 32.65 33.4 31.85 34.7 27.56 29.44 32.48 38.64 52.27 55.67 61.08 63.45 66.52
"65" "Chile" 23.85 23.15 19.59 19.9 20.65 20.51 19.23 20.39 23.91 29.61 31.87 30.52 31.55 33.4 36.75 40.15 45.46 53.81 54.2 59.47 55.09 54.53 53.84 58.04 64.29 68.15 69.91 63.4 68.3 65.7
"66" "Belarus" NA NA NA NA NA NA NA NA NA NA NA NA 91.58 81.28 66.1 62.34 60.6 58.84 56.75 58.16 60.05 54 50.96 55.67 54.79 64.33 66.42 68.09 66.93 60.57
"67" "Syria" 16.43 17.53 17.7 20.34 22.34 23.5 24.02 27.68 28.51 30.87 36.93 33.15 35.38 38.61 41.4 39.88 42.26 44.43 47.74 50.88 50.99 49.34 52.43 52.85 52.79 51.06 52.1 51.91 53.6 56.88
"68" "Turkmenistan" NA NA NA NA NA NA NA NA NA NA NA NA 20.45 19.1 18.24 18.55 18.2 19.42 17.59 19.07 23.94 29.76 34.18 44.01 47.01 49.15 49.96 53.4 57.48 56.78
"69" "Portugal" 23.56 21.09 27.43 28.04 27.06 29.21 31.4 32.58 34.02 43.01 43.91 44.35 47.6 45.84 46.51 50.83 48.42 52.45 56.19 63.44 63.54 61.11 65.99 61.86 63.39 66.07 61.47 59.67 55.74 56.55
"70" "Bangladesh" 7.64 8.32 8.93 8.1 9.34 9.83 11.19 12.26 13.35 14.56 14.93 14.81 16.5 17.55 19.39 22.56 22.75 23.76 24.15 26.94 29.36 32.52 34.23 36.89 38.9 40.93 44.59 46.28 50.39 55.13
"71" "Libya" 32.44 26.67 27.79 27.46 26.24 27.68 30.11 30.92 34.83 37.38 42.41 41.61 36.56 36.88 38.14 39.58 41.76 43.62 41.87 39.69 41.89 43.45 48.38 46.39 52.35 56.85 52.48 54.06 57.24 55.03
"72" "Serbia" NA NA NA NA NA NA NA NA NA NA NA NA NA NA NA NA NA NA NA NA NA NA NA NA NA NA 53.8 53.56 54.08 52.33
"73" "Finland" 55.34 52.09 46.87 44.22 42.79 46.8 50.35 50.92 49.22 51.7 53.23 51.25 49.49 52.4 58.01 49.85 53.05 53.86 50.16 47.97 50.12 53.1 53.53 66.66 61.46 51.92 57.92 58.16 54.86 52.15
"74" "Sweden" 82.3 72.85 63.25 59.38 57.27 61.85 65.69 64.04 61.51 58.12 57.08 56.48 58.99 60.57 64.76 64.17 67.36 65.74 66.18 64.76 60.65 60.24 57.1 60.76 60.37 57.61 56.73 56.52 54.77 50.56
"75" "Hungary" 83.75 82.86 82.34 80.91 81.61 82.47 77.28 76.91 72.39 71.33 66.75 66.12 62.7 58.96 58.9 57.58 59.36 58.7 58.09 58.25 55.35 57.38 57.45 59.6 58.05 59.5 58.51 56.63 56.05 50.03
"76" "Denmark" 64.97 60.31 55.44 51.48 54.48 63.37 64.84 64.28 59.17 59.13 57.11 64.15 61.28 59.18 64.72 69.21 72.48 74.68 60.05 57.58 54.5 56.04 53.14 61.69 56.31 51.87 59.31 56.88 54.22 49.56
"77" "Oman" 3.96 4.16 5.04 5.79 7.73 7.37 8.81 8.93 8.09 10.41 12.46 14.19 13.53 14.77 15.08 14.14 14.6 17.96 21.82 20.56 21.79 22.2 22.99 22.47 24.36 30.68 35.58 37.71 44.56 48.96
"78" "Trinidad and Tobago" 10.56 10.1 9.88 15.06 16.05 17.86 16.78 16.98 17.21 17.43 18.19 18.61 17.4 19.28 21.74 22.63 24.21 25.7 25.53 26.26 27.51 30.01 30.89 29.78 32.56 39.25 47.2 46.97 49.89 47.82
"79" "Switzerland" 47.22 39.85 36.98 39.82 39.67 41.07 44.21 42.66 42.58 42.05 43.48 45.13 45.78 43.53 42.83 44.12 44.97 43.98 45.81 46.16 45.44 45.91 44.33 45.07 45.47 45.75 45.54 43.88 45.34 45.81
"80" "Bulgaria" 88.56 86.44 89.38 89.46 90.36 92.52 96.91 96.16 92.32 85.45 76.19 56.8 57.59 52.05 51.02 52.08 53.59 54.08 49.86 44.71 49.03 52.37 47.96 51.66 51.11 52.05 52.69 51.74 50.46 44.46
"81" "Ireland" 21.44 20.63 20.17 19.68 19.11 20.02 23.69 24.43 23.52 24.31 25.87 26.82 27.5 28.15 29.33 30.33 31.74 34.66 36.57 38.54 40.68 43.3 42.37 41.25 43.36 44.36 45.88 44.99 45.37 40.27
"82" "Norway" 33.57 31.16 28.7 29.44 30.69 33.92 36.47 34.49 34.02 36.01 34.78 32.36 35.67 34.15 36.09 37.86 39.84 41.75 41.99 44.08 41.25 41.52 42.13 45.43 48.12 42.06 41.04 41.94 39.69 39.58
"83" "New Zealand" 20.04 19.58 20.69 21.39 22.78 23.07 25.04 25.07 27.62 27.52 28.82 28.94 31.27 30.04 31.17 31.16 32.22 34.41 32.17 34.78 34.95 37.59 38.07 39.39 39.3 40.29 39.9 39.07 39.51 39.07
"84" "Peru" 21.83 22.77 26.14 24.02 22.81 22.83 25.47 24.6 24.77 21.41 20.1 18.89 20.14 22.25 23.23 24.73 25.71 25.36 26.03 26.64 26.92 26.09 26.17 26.47 29.01 30.35 32.72 34.55 36.71 38.19
"85" "Morocco" 16.43 16.09 16.76 17.39 16.62 17.42 19.92 19.55 20.22 21.76 22.63 23.44 23.73 26.48 28.98 27.96 28.79 28.41 28.8 31.01 31.2 33.75 33.69 34.44 33.2 34.6 35.67 36.17 37.3 36.49
"86" "Azerbaijan" NA NA NA NA NA NA NA NA NA NA NA NA 60.14 50.44 46.12 45.27 38.92 38.46 47.82 48.87 43.76 31.22 34.19 33.9 35.83 37.1 39.79 35.08 39.69 36.16
"87" "Slovakia" NA NA NA NA NA NA NA NA NA NA NA NA NA 42.87 40.19 42.57 43.86 41.48 38.71 37.25 36.4 39.62 39.11 39.36 38.23 39.6 39.68 37.73 37.42 35.75
"88" "Puerto Rico" 28.88 31.03 22.69 22.08 24.37 21.07 22.97 24.09 21.61 20.45 20.23 24.02 23.34 24.48 25.26 24.28 24.21 24.97 27.51 26.34 27.72 34.54 35.22 37.45 38.2 37.79 37.87 34.17 34.37 33.26
"89" "Bahrain" 7.76 8.84 9.36 10.73 9.57 11.36 12.25 14.74 12.65 13.06 14.29 15.93 13.57 16.03 15.84 15.88 15.86 18.47 19.43 20.25 20.26 20.8 21.85 22.45 23.14 25.26 27.82 29.28 30.63 31.1
"90" "Cuba" 29.94 30.5 33.05 30.18 31.32 31.99 34.97 34.42 35.1 36.27 35.38 32.53 28.87 28.62 29.12 30.84 30.24 33.53 32.6 33.31 32.86 33.26 34.11 33.24 33.14 28.59 25.22 26.27 29.01 30.37
"91" "Ecuador" 12.78 13.44 14.58 12.91 12.81 13.53 14.78 13.6 14.65 13.93 15.09 15.88 18.39 16.62 18 19.29 19.73 20.16 21.45 19.56 20.08 21.52 21.73 22.43 23.53 24.65 26.55 27.6 28.24 28.71
"92" "Angola" 3.39 3.38 3.59 3.85 3.41 4.29 4.59 4.65 4.84 4.73 7.17 7.48 7.5 7.68 7.39 12.15 12.15 12.96 12.37 13.48 13.03 14.98 15.65 18.91 19.83 20.34 21.27 24.21 23.57 24
"93" "Yemen" 6.43 6.55 7.7 7.03 8.88 9.91 9.99 9.9 10.23 10.85 11.44 11.76 12.23 10.09 9.9 10.67 10.91 10.8 11.4 12.31 13.18 13.97 15.4 16.65 16.65 17.38 18.98 16.39 20.19 22.92
"94" "Tunisia" 8.48 9.33 8.74 10.02 10.7 10.83 11.93 10.9 11.85 13.06 13.05 12.97 12.81 15.11 16.07 14.4 15.38 17.33 18.52 19.09 19.67 21.43 21.17 20.81 21.12 22.29 21.28 20.18 21.67 22.9
"95" "Croatia" NA NA NA NA NA NA NA NA NA NA NA NA 16.58 16.94 17.78 18.35 17.44 18.71 19.86 20.1 20.1 20.24 21.09 22.39 21.67 20.99 22.82 22.2 22.6 21.54
"96" "Jordan" 5.21 6.16 7.04 7.56 7.84 8.1 9.05 9.98 9.28 9.42 10.18 9.62 11.2 11.07 12.7 13.22 14.24 13.78 14.87 15.15 15.63 15.3 16 17.08 18.23 19.28 20.06 20.13 19.54 20.02
"97" "Dominican Republic" 5.44 5.22 5.58 6.75 5.91 6.63 6.87 8.08 8.55 8.15 9.06 9.22 10.34 9.19 9.88 11.02 11.62 12.24 12.68 14.36 15.8 16.59 17.14 19.54 18.12 17.44 18.43 19.21 19.45 19.86
"98" "Bosnia and Herzegovina" NA NA NA NA NA NA NA NA NA NA NA NA 18.97 15.18 5.01 8.85 4.52 9.49 11.79 11.67 15.13 14.78 15.91 16.13 17.14 18.36 19.49 20.02 21.81 18.35
"99" "Estonia" NA NA NA NA NA NA NA NA NA NA NA NA 25.84 16.75 16.6 14.77 19.63 18.29 18.57 16.04 16.27 16.65 16.51 18.63 19.27 18.9 18.63 20.82 19.83 17.49
"100" "Slovenia" NA NA NA NA NA NA NA NA NA NA NA NA 12.66 13.25 13.19 15.35 16.73 16.63 16.24 16.38 15.68 16.07 16.53 16.8 16.81 17.08 17.08 16.89 17.28 17.37
"101" "Lithuania" NA NA NA NA NA NA NA NA NA NA NA NA 23.25 17.62 18.48 17.64 15.88 16.34 17.43 13.72 13.27 13.02 13.3 13.59 13.39 15.66 16.55 17.62 18.07 15.75
"102" "Panama" 5.39 5.24 4.73 5.02 4.9 3.61 11.27 11.73 11.3 11.15 11.8 11.83 12.23 12.03 13.54 14.45 12.42 12.78 13.98 13.06 12.94 13.46 12.68 12.61 14.15 13.79 14.88 15.38 15.2 15.46
"103" "Lebanon" 6.44 5.98 5.89 6.17 5.89 6.86 6.95 7.22 6.54 5 4.71 8.21 8.16 10.27 11.77 12.62 13.21 15.32 15.3 16 16.45 15.98 16.02 16.15 15.75 15.04 13.4 12.26 14.32 14.84
"104" "Bolivia" 4.46 4.65 4.08 4.49 4.25 3.78 3.84 3.73 4.18 4.8 5.07 4.93 6.24 6.75 8.15 7.66 7.29 7.96 7.56 8.74 9.26 8.04 9.37 11.7 11.73 11.56 12.81 13.22 14.27 13.89
"105" "Sudan" 3.16 3.24 3.54 3.4 3.12 3.5 4.32 4.18 4.52 4.29 3.89 5.61 5.17 4.92 4.33 4 3.97 4.1 4.13 4.46 6.51 7.47 8.66 9.8 10.76 11.41 12.39 12.06 12.19 13.04
"106" "Sri Lanka" 4.88 4.88 5.07 5.18 5.73 4.81 5.22 5.96 5.23 4.8 5.26 5.28 5.63 6.35 6.68 7.13 8.03 8.94 8.99 9.79 11.33 11.08 11.35 11.72 11.85 12.89 12.74 13.16 12.54 12.76
"107" "Burma" 4.01 4.12 4.54 5.24 5.71 5.98 4.9 4.82 4.57 4.77 4.66 4.59 4.61 4.84 5.82 6.15 6.26 6.9 8.09 8.77 9.01 8.72 9.97 11.05 12.11 15.43 13.92 14.8 13.87 12.54
"108" "Virgin Islands,  U.S." 16.94 15.14 11 7.74 9 10.12 6.65 7.94 5.26 7.77 7.45 7.96 8.34 8.4 8.36 8.55 8.53 8.29 8.75 8.88 9.84 13.64 13.06 14.58 17.66 15.62 16.58 14.75 12.93 12.49
"109" "Jamaica" 7.79 6.7 5.66 6.01 5.01 4.5 4.86 5.22 6.11 7.06 7.54 7.82 8.52 8.63 8.87 9.96 10.08 10.53 10.9 11.22 10.83 10.9 11.15 11.58 11.62 11.24 12.58 13.32 12.7 12.11
"110" "Netherlands Antilles" 15.99 14.79 14.17 13.13 12.44 10.41 10.1 10.39 9.48 9.83 9.74 9.21 9.55 9.25 9.65 11.41 11.41 12.05 12.01 11.71 11.62 11.71 10.79 10.77 10.89 10.82 11.99 12.4 12.13 11.64
"111" "Kenya" 5.75 5.79 5.67 5.5 5.39 5.48 6.21 5.49 6.01 6.57 6.66 5.83 6.56 6.69 7.09 7.18 7.49 6.95 7.86 8.1 8.7 7.97 7.94 8.36 9.21 10.22 11.43 11.38 11.23 11.5
"112" "Guatemala" 4.16 3.61 3.53 3.66 3.22 3.62 3.23 3.24 3.51 3.58 3.78 3.57 4.36 4.79 5.44 6.07 6.31 6.96 8.48 8.69 9.06 10.01 10.27 10.25 10.85 11.54 11.22 12.2 11.46 11.3
"113" "Armenia" NA NA NA NA NA NA NA NA NA NA NA NA 11.14 6.67 6.08 7.34 8.26 7.6 8.02 7.99 8.61 8.78 8.4 9.02 9.18 10.36 10.35 11.33 11.06 11.23
"114" "Zimbabwe" 8.91 8.71 8.17 9.79 9.25 9.65 12.47 14.74 14.97 14.2 15.14 16.15 16.53 15.74 15.32 14.87 14.91 14.03 14.03 15.42 13.72 13.15 12.53 11.23 9.85 10.84 10.03 9.48 8.95 10.61
"115" "Luxembourg" 11.64 10.05 9.41 8.84 9.75 9.78 9.72 9.17 9.66 10.27 10.72 11.36 11.25 11.91 10.98 8.9 9.02 8.64 8.01 8.51 9.02 9.47 10.44 11.03 12.3 12.59 12.47 12.24 11.92 10.58
"116" "Cyprus" 2.83 2.44 2.6 2.88 2.98 3.21 3.57 4.01 4.01 4.88 5.09 5.13 6.04 6.15 6.9 6.77 6.73 6.76 7.27 7.9 7.53 8.19 8.1 8.11 8.6 8.83 9.36 9.29 9.77 9.42
"117" "Latvia" NA NA NA NA NA NA NA NA NA NA NA NA 12.75 9.21 8.76 9.31 9.92 8.51 8.26 7.47 7.38 7.67 7.44 7.87 8.19 8.61 9.32 9.16 7.89 8.53
"118" "Ghana" 2.23 1.95 2.23 1.99 2.27 1.91 2.36 2.72 3.14 3.6 3.03 2.98 3.41 3.5 3.87 3.99 4.1 3.83 3.84 4.47 5.32 5.18 5.46 5.95 6.49 6.53 6.68 6.78 7.4 8.11
"119" "Honduras" 1.7 1.51 1.54 1.64 1.66 1.57 1.73 1.71 1.96 2.37 2.73 2.67 2.74 2.72 3 3.47 3.89 3.83 4.36 4.86 4.58 5.31 5.96 6 7.01 7.27 7.82 8.55 8.13 7.94
"120" "Brunei" 5.24 5.57 5.84 4.86 4.43 5 3.46 5.18 4.63 5.25 4.56 2.28 3.14 2.94 2.9 3.52 3.48 3.67 3.27 3.67 3.79 4.22 4.86 5.18 5.78 6.59 9.86 10.16 10.4 7.58
"121" "Cameroon" 2.23 2.29 2.67 7.2 7.1 6.59 9.39 8.02 3.48 6.53 3.43 3.47 3.59 6.78 7.58 7.54 6.78 6.9 6.89 6.93 6.83 6.47 6.18 6.12 6.47 6.78 7.35 7.82 7.63 7.48
"122" "Mongolia" 7.1 6.35 7.52 7.8 7.93 8.86 9.76 10.27 10.62 10.07 9.58 11.46 9.88 8.93 8.31 8.77 6.55 5.48 5.48 5.46 5.62 5.74 6.13 5.81 6.12 6.41 7.49 7.58 7.65 7.36
"123" "Macedonia" NA NA NA NA NA NA NA NA NA NA NA NA 9.33 9.8 8.98 9.31 9.9 9.82 10.85 9.94 8.42 8.31 8.12 8.37 8.28 8.27 8.28 8.53 9.18 7.34
"124" "Uruguay" 5.76 5.19 4.92 3.89 3.69 3.45 3.45 3.98 4.72 4.88 4.5 4.24 4.52 4.95 4.66 4.66 4.95 5.23 6.4 7.27 6.52 4.95 5.37 5.56 6.04 6.29 7.37 7.09 8.06 7.24
"125" "Moldova" NA NA NA NA NA NA NA NA NA NA NA NA 20.56 14.94 11.05 8.99 9.4 8.88 8.02 6.06 5.89 5.82 6.34 6.95 6.55 7.08 7.49 7.18 7.36 7.05
"126" "Ethiopia" 1.7 1.7 1.89 2.17 2.11 2.53 2.56 2.89 2.75 2.98 3.01 2.46 3.64 3.33 2.19 2.38 1.71 1.71 2.61 3.25 3.46 3.55 3.89 4.19 4.35 4.58 5.16 5.71 6.42 6.88
"127" "Costa Rica" 2.27 2.26 2.12 2.25 1.97 2.09 1.99 2.32 2.72 2.89 2.74 2.89 3.64 3.98 4.03 4.72 4.47 4.48 5 5.14 5.01 5.22 5.39 5.95 5.72 5.65 6.64 7.23 7.14 6.83
"128" "Tanzania" 1.92 2.22 2.18 1.92 2.1 2.13 2.69 2.4 2.54 2.52 2.81 2.33 2.58 2.77 2.53 2.46 2.5 2.45 2.51 2.7 2.72 3.08 3.5 3.67 4.2 5.07 5.47 5.91 6.25 6.69
"129" "Cote dIvoire (IvoryCoast)" 4.01 4.25 3.93 4.25 4.14 4.28 4.8 5.34 5.65 5.62 4.65 3.8 3.86 4.38 4.56 4.54 5.73 5.23 5.41 7.03 7.36 5.86 5.8 5.79 6.35 6.37 6.27 6.28 6.49 6.63
"130" "Congo" 0.72 0.87 0.73 0.61 0.61 0.91 0.81 1.01 0.79 0.9 1.14 0.86 0.85 3.14 3.12 3.1 3.08 3.71 3.67 3.17 3.01 3.2 2.99 3.07 3.07 5.4 5.56 5.68 6.09 6.32
"131" "Senegal" 2.49 2.41 2.46 2.35 2.8 2.75 2.88 2.94 2.52 2.61 2.56 2.36 2.92 2.93 3.58 3.86 3.94 3.58 3.79 4.18 4.43 4.41 4.46 4.5 5.3 5.71 5.9 6.09 6.14 6.25
"132" "Tajikistan" NA NA NA NA NA NA NA NA NA NA NA NA 7.96 5.22 5.07 3.6 4.71 4.77 5.12 5.54 5.95 6.18 6.06 6.67 7.11 7.5 7.48 7.56 6.84 6.13
"133" "El Salvador" 1.99 1.73 1.65 1.83 1.85 1.94 2.19 2.16 2.32 2.23 2.39 2.75 3.22 3.23 3.62 4.65 4.39 4.68 5.48 5.48 5.51 5.7 5.77 6.08 6.02 6.21 6.23 6.3 5.91 5.91
"134" "Kyrgyzstan" NA NA NA NA NA NA NA NA NA NA NA NA 14.03 10.42 8.43 5.54 7.07 7.23 7.74 7.45 7.21 6.52 5.78 5.21 5.87 5.52 5.44 5.57 5.67 5.65
"135" "Georgia" NA NA NA NA NA NA NA NA NA NA NA NA 15.49 7.74 4.99 5.42 5.68 5.93 5.96 4.82 4.63 4.05 4.5 3.74 4.12 4.78 4.82 5.62 5.6 5.32
"136" "Bahamas" 3.99 4.27 3.62 2.71 2.46 2.23 2.41 2.67 2.45 2.81 2.99 2.58 2.22 2.32 2.68 3.18 3.58 3.54 4.04 3.62 3.5 3.42 3.42 4.19 4.25 4.91 4.9 4.67 5.09 5.25
"137" "Papua New Guinea" 1.72 1.72 1.72 1.72 1.95 2.05 2.29 2.54 2.38 2.43 2.46 2.44 2.58 2.6 2.49 2.62 2.68 2.68 2.58 2.58 2.6 2.6 3.69 4.27 4.31 4.24 4.3 4.28 4.5 4.81
"138" "Albania" 8.86 8.87 8.83 9.09 9.23 9.31 9.31 8.81 9.16 8.21 6.07 4.39 3.78 2.82 2.26 2.34 1.97 1.92 2.3 2.95 3.26 3.57 3.76 4.22 4.35 4.62 4.55 4.46 4.45 4.62
"139" "Equatorial Guinea" 0.06 0.06 0.07 0.07 0.07 0.08 0.08 0.08 0.08 0.12 0.12 0.13 0.12 1.06 1.06 1.06 1.56 1.6 1.68 1.84 2.05 2.05 3.94 4.91 3.81 4.89 4.9 4.64 4.71 4.61
"140" "Gabon" 4.78 4.99 4.86 4.78 5.25 5.34 4 3.87 4.17 5.71 5.72 5.73 6.06 5.95 5.79 5.49 5.56 5.63 5.54 5.4 5.07 4.95 4.71 4.89 4.93 4.94 4.47 4.49 4.72 4.57
"141" "Mauritius" 0.85 0.77 0.74 0.84 0.87 0.89 1.23 1 1.43 1.71 1.92 1.9 2.13 2.3 2.24 2.43 2.41 2.41 2.57 2.67 3.49 4.05 3.6 3.71 3.95 4.1 4.44 4.56 4.6 4.55
"142" "Botswana" 1.25 1.27 1.2 1.15 1.17 1.5 1.63 1.91 2.04 2.32 2.71 2.78 3.2 3.15 3.18 3.48 3.07 3.18 3.71 3.7 4.38 3.78 3.83 3.51 3.99 4.29 4.27 4.1 4.2 4.52
"143" "Nicaragua" 1.84 1.91 1.91 1.82 1.74 1.97 2.1 2.09 2.12 2.1 2.01 1.93 2.35 2.3 2.52 2.78 2.93 3.02 3.47 3.74 3.7 3.94 4.05 4.11 4.42 4.6 4.76 4.82 4.6 4.47
"144" "Gibraltar" 0.49 0.55 0.49 0.39 0.36 0.82 1.44 1.45 1.88 1.61 1.67 1.72 3.09 3.21 3.23 3.24 3.25 3.24 3.72 3.25 7.3 3.97 4.03 4.14 4.28 4.38 4.48 4.62 4.55 4.38
"145" "Namibia" NA NA NA NA NA NA NA NA NA NA 2.38 1.23 1.12 1.34 1.29 1.29 1.35 1.42 1.56 1.72 1.81 2.17 2.22 2.44 2.57 2.62 2.92 3.09 3.92 4.06
"146" "Paraguay" 1.39 1.27 1.25 1.32 1.44 1.46 1.52 1.93 1.72 2.31 2.2 2.02 2.33 2.47 2.9 3.34 2.7 2.96 3.37 3.81 3.56 3.45 3.6 3.73 3.75 3.69 3.68 3.73 3.83 3.97
"147" "Cambodia" 0.04 0.04 0.04 0.36 0.4 0.41 0.45 0.45 0.47 0.47 0.47 0.48 0.5 0.5 0.51 1.41 1.55 1.86 2.12 2.13 2.15 2.54 2.75 3.01 3.35 3.57 3.86 4.14 4.11 3.86
"148" "Benin" 0.42 0.42 0.28 0.42 0.42 0.5 0.5 0.38 0.47 0.5 0.59 0.67 0.77 0.84 0.88 0.96 1.04 1.13 1.22 1.32 1.65 1.65 1.75 2.06 2.4 2.53 3.01 3.26 3.33 3.47
"149" "Nepal" 0.48 0.38 0.53 0.53 0.68 0.55 0.69 0.82 0.81 0.81 0.63 0.93 1.11 1.04 1.31 1.4 1.67 1.92 2.8 3.18 3.1 3.25 2.66 2.8 2.79 3.22 3.17 3.18 3.31 3.44
"150" "Iceland" 1.65 1.56 1.56 1.62 1.69 1.84 1.96 2.04 2.12 2.26 2.36 2.22 2.32 2.45 2.55 2.48 2.79 2.83 3.01 2.98 3.17 3.04 3.17 3.19 3.32 3.32 3.41 3.85 3.68 3.41
"151" "Palestine" NA NA NA NA NA NA NA NA NA NA NA NA NA NA NA NA NA 0.41 0.5 0.54 0.63 1.25 1.04 1.18 2.1 2.65 2.89 2.96 3.08 3.21
"152" "Madagascar" 1.17 1.01 0.88 1.14 1.14 1.24 0.91 1.27 1.39 0.99 0.96 0.98 1.07 1.1 1.25 1.29 1.28 1.3 1.3 1.29 1.81 1.98 2.3 2.38 2.63 2.51 2.49 2.48 2.77 3.15
"153" "Malta" 1.26 1.38 1.5 1.11 1.58 1.37 1.62 1.81 2.07 2.26 2.37 2.39 2.37 2.77 2.75 2.51 2.61 2.79 2.9 3.31 2.91 2.47 2.94 2.92 2.98 3.08 2.94 3.13 3.2 3.12
"154" "New Caledonia" 1.72 1.63 1.15 1.06 1.23 1.28 1.38 1.49 1.44 1.63 1.56 1.7 1.77 1.77 1.72 1.72 1.82 1.67 1.7 1.68 2 2.01 2.29 2.38 2.55 2.48 2.96 3.03 3.04 3.04
"155" "Togo" 0.58 0.54 0.52 0.57 0.67 0.63 0.54 0.49 0.52 0.59 0.58 1.03 0.72 0.54 0.63 0.62 0.63 0.66 0.66 1 1.4 1 1.29 2.15 2.27 2.27 2.33 2.51 2.7 2.85
"156" "Reunion" 0.6 0.6 0.64 0.75 0.83 0.81 0.79 0.88 1.07 1.17 1.23 1.43 1.4 1.85 1.89 1.86 1.87 1.88 2.41 2.41 2.51 2.61 2.59 2.59 2.64 2.72 2.74 2.78 2.82 2.82
"157" "Mauritania" 0.61 0.58 0.59 0.58 0.87 0.86 0.52 0.71 0.89 1.07 0.96 1.01 3.31 3.43 3.4 3.13 3.47 3.17 3.18 3.18 3.24 3.18 3.06 3.15 2.63 3.16 2.83 2.57 2.61 2.75
"158" "Zambia" 3.63 3.22 3.39 3.03 3.01 2.86 3.08 2.97 3.27 2.98 2.73 2.44 2.98 2.43 1.95 1.93 2.19 2.38 2.22 1.96 1.9 2.06 2.13 2.23 2.24 2.44 2.31 2.25 2.25 2.67
"159" "Congo, Dem Rep" 3.4 3.59 3.69 3.65 3.41 3.32 3.84 3.46 4.24 3.94 3.64 3.85 4.35 4.56 3.58 3.83 3.86 3.71 3.55 3.19 2.7 1.99 1.79 1.83 2.37 2.46 2.45 2.75 2.72 2.65
"160" "Martinique" 0.63 0.63 0.63 0.62 0.55 0.67 0.76 0.86 1.03 1.46 1.57 1.3 1.47 2.01 1.98 2.02 2.02 2.02 2.02 2.02 2.06 2.06 2.08 2.17 2.24 2.36 2.38 2.47 2.46 2.61
"161" "Macau" 0.47 0.44 0.47 0.66 0.73 0.59 0.9 1 0.99 1.06 1.09 1.08 1.13 1.25 1.33 1.29 1.48 1.5 1.62 1.73 1.58 1.66 1.84 1.9 2.32 1.98 2.3 2.32 2.41 2.44
"162" "Mozambique" 2.62 2.34 2.48 2.33 2.05 2.17 1.25 1.18 1.68 1.33 1.19 1.19 1.19 1.18 1.13 1.22 1.07 1.11 1.26 1.3 1.29 1.5 1.68 1.82 2.13 2.37 2.79 2.34 2.24 2.35
"163" "Guadeloupe" 0.49 0.69 0.87 0.92 1.01 0.93 0.94 1.09 1.2 1.33 1.44 1.51 1.39 1.62 1.67 1.71 1.7 1.72 1.72 1.72 1.81 1.83 1.87 1.94 2 2.08 2.19 2.42 2.3 2.18
"164" "Haiti" 0.85 0.57 0.8 0.72 0.73 0.84 0.81 1.29 1.42 1.25 0.74 0.79 0.88 0.62 0.54 0.94 1.11 1.44 1.34 1.48 1.52 1.65 1.71 1.7 1.75 1.76 1.8 1.98 2 2.06
"165" "Suriname" 2.09 1.81 1.61 1.17 0.98 1.24 1.32 1.16 1.11 1.19 1.51 1.49 1.44 1.5 1.49 1.51 1.5 1.52 1.54 1.54 1.61 1.7 1.79 1.83 1.91 1.97 2.03 2 1.96 2.04
"166" "Uganda" 0.7 0.45 0.53 0.52 0.53 0.57 0.67 0.56 0.85 0.79 0.84 0.94 0.97 1 1.03 1.03 1.02 1.05 1.22 1.22 1.26 1.39 1.46 1.59 1.61 1.69 1.92 2.07 1.99 1.93
"167" "Fiji" 1.31 0.88 1.02 1.02 0.76 0.78 1 0.78 0.81 0.96 1.05 0.86 0.89 0.95 1 1.07 1.11 1.11 1.07 1.18 1.44 1.53 1.76 2.28 2.67 2.55 2.3 2.19 2.06 1.93
"168" "Montenegro" NA NA NA NA NA NA NA NA NA NA NA NA NA NA NA NA NA NA NA NA NA NA NA NA NA NA 1.54 1.71 1.81 1.88
"169" "Djibouti" 1.46 1.17 1.18 0.87 0.72 0.72 0.72 0.73 0.71 1.72 1.73 1.75 1.78 1.8 1.82 1.81 1.82 1.84 1.83 1.83 1.85 1.87 1.87 1.91 1.94 1.92 1.68 1.64 1.7 1.76
"170" "Guam" 3.54 5 3.84 3.67 1.27 0.63 1.1 0.77 0.8 0.74 1.84 2.08 2.51 3.35 4.76 3.61 3.21 3.66 3.05 3.42 2.87 3.06 2.1 2.43 1.96 2.06 2.26 2.05 1.77 1.71
"171" "Guyana" 1.42 1.64 1.32 1.17 1.34 1.35 1.4 1.06 1.05 0.7 0.67 0.79 0.88 1.15 1.15 0.97 1.04 1.13 1.44 1.53 1.69 1.73 1.76 1.71 1.54 1.69 1.6 1.59 1.51 1.51
"172" "Burkina Faso" 0.42 0.42 0.42 0.42 0.42 0.4 0.49 0.52 0.51 0.47 0.5 0.58 0.58 0.63 0.69 0.68 0.71 1.08 1.07 1.07 1.06 1.07 1.1 1.14 1.16 1.05 1.25 1.4 1.4 1.43
"173" "Seychelles" 0.21 0.17 0.15 0.27 0.28 0.29 0.32 0.34 0.46 0.49 0.45 0.49 0.51 0.52 0.52 0.53 0.53 0.57 0.57 0.57 0.59 0.6 0.88 0.87 0.9 0.88 1.2 1.28 1.34 1.42
"174" "Barbados" 0.97 1.03 1.02 1.08 1.04 1.15 1.3 1.22 1.16 1.25 1.3 1.31 1.35 1.36 1.27 1.34 1.05 1.44 1.48 1.51 1.71 1.65 1.65 1.68 1.16 1.53 1.49 1.33 1.44 1.39
"175" "Swaziland" 0.73 0.68 0.68 0.53 0.59 0.73 0.71 0.73 0.74 0.76 0.76 0.71 0.65 0.58 0.83 0.91 0.82 0.85 0.97 1.13 1.16 1.15 1.58 1.37 1.45 0.95 1.08 1.19 1.18 1.38
"176" "Niger" 0.61 0.63 0.68 0.75 0.81 0.81 0.69 0.78 1.02 1.07 1.09 1.1 1.12 1.14 1.16 1.16 1.15 1.13 1.13 1.13 1.12 1.15 1.23 1.26 1.29 1.25 1.25 1.25 1.29 1.34
"177" "Guinea" 0.81 0.8 0.81 0.82 0.83 0.74 1.06 1.12 1.14 1.11 1.48 1.16 1.18 1.21 1.24 1.23 1.25 1.25 1.25 1.25 1.3 1.31 1.32 1.33 1.35 1.38 1.37 1.35 1.35 1.33
"178" "Malawi" 0.58 0.61 0.55 0.44 0.42 0.45 0.48 0.44 0.41 0.5 0.53 0.65 0.66 0.64 0.71 0.73 0.74 0.74 0.75 0.89 0.94 0.94 0.97 0.92 1.07 1.13 1.15 1.2 1.26 1.31
"179" "Sierra Leone" 0.71 0.71 0.78 0.71 0.71 0.8 0.91 0.98 1.03 1.06 1.07 1.11 0.81 0.82 0.68 0.84 0.84 0.86 0.87 0.87 0.92 0.94 0.95 0.97 1.16 1.16 1.15 1.23 1.24 1.31
"180" "Laos" 0.41 0.16 0.15 0.16 0.15 0.17 0.21 0.21 0.2 0.23 0.22 0.24 0.27 0.27 0.29 0.3 0.52 0.74 0.87 0.88 0.93 1.02 1.08 1.12 1.14 1.18 1.2 1.21 1.23 1.24
"181" "Wake Island" 1.24 1.23 1.23 1.23 1.24 1.22 1.28 1.28 1.27 1.27 1.24 1.24 1.27 1.27 1.27 1.29 1.29 1.3 1.3 1.3 1.31 1.31 1.33 1.33 1.33 1.32 1.27 1.31 1.28 1.23
"182" "French Guiana" 0.35 0.3 0.38 0.39 0.31 0.31 0.38 0.43 0.51 0.58 0.68 0.77 0.63 0.87 0.87 0.97 0.97 0.97 0.98 0.98 1 1 1.02 1.07 1.04 1.06 1.12 1.08 1.06 1.12
"183" "Aruba" NA NA NA NA NA NA 0.11 0.11 0.42 0.56 0.59 0.63 0.69 0.7 0.75 0.87 0.57 0.91 0.92 0.92 0.96 0.96 0.96 1.02 1.03 1.05 1.13 1.03 1.05 1.09
"184" "French Polynesia" 0.21 0.31 0.42 0.55 0.84 0.73 0.96 0.99 0.98 0.98 0.92 0.91 0.87 0.85 0.69 0.71 0.71 0.71 0.71 0.71 0.68 0.68 0.69 0.86 0.86 0.92 1.02 1.01 0.99 1.07
"185" "Belize" 0.23 0.21 0.19 0.19 0.21 0.21 0.26 0.21 0.15 0.22 0.31 0.35 0.3 0.3 0.28 0.33 0.27 0.44 0.44 0.45 0.66 0.86 0.81 0.85 0.91 0.97 0.97 0.98 0.99 0.94
"186" "Maldives" 0.01 0.01 0.01 0.01 0.06 0.06 0.08 0.08 0.09 0.09 0.1 0.1 0.1 0.12 0.24 0.34 0.36 0.31 0.34 0.34 0.48 0.52 0.95 1.07 0.75 0.6 0.83 0.93 0.89 0.92
"187" "Somalia" 1.12 1.29 1.27 1.24 1.29 1.27 1.44 1.07 1.07 1.1 1.01 0.6 0.57 0.58 0.58 0.58 0.58 0.58 0.58 0.58 0.72 0.72 0.72 0.72 0.73 0.73 0.76 0.86 0.87 0.9
"188" "Afghanistan" 1.36 1.56 1.7 2.11 2.13 2.17 2.4 3.95 6.54 6.42 6.32 2.98 1.77 1.72 1.68 1.45 1.47 1.43 1.39 1.41 1.34 0.85 0.85 0.68 0.72 0.77 0.76 0.82 0.85 0.83
"189" "Faroe Islands" NA NA NA NA NA NA NA NA NA NA NA NA 0.61 0.61 0.62 0.65 0.67 0.67 0.66 0.66 0.67 0.67 0.67 0.68 0.69 0.69 0.79 0.76 0.75 0.8
"190" "Eritrea" NA NA NA NA NA NA NA NA NA NA NA NA NA NA 0.99 1.07 1.11 1.14 1.25 1.06 0.64 0.75 0.72 0.81 0.76 0.72 0.74 0.69 0.72 0.77
"191" "Mali" 0.42 0.56 0.42 0.42 0.42 0.46 0.36 0.43 0.21 0.47 0.47 0.48 0.5 0.51 0.52 0.52 0.54 0.54 0.55 0.55 0.57 0.57 0.62 0.63 0.65 0.72 0.65 0.67 0.7 0.74
"192" "Rwanda" 0.15 0.35 0.34 0.39 0.63 0.67 0.64 0.65 0.62 0.68 0.7 0.71 0.74 0.68 0.7 0.71 0.71 0.7 0.73 0.73 0.77 0.77 0.78 0.79 0.76 0.81 0.83 0.76 0.74 0.74
"193" "Bermuda" 0.53 0.46 0.49 0.52 0.5 0.5 0.5 0.71 0.77 0.94 0.66 0.55 0.45 0.52 0.51 0.51 0.52 0.52 0.52 0.52 0.52 0.52 0.52 0.56 0.61 0.65 0.64 0.69 0.69 0.71
"194" "Antigua and Barbuda" 0.41 0.36 0.49 0.29 0.32 0.31 0.32 0.39 0.4 0.4 0.42 0.41 0.42 0.44 0.46 0.48 0.48 0.49 0.49 0.49 0.51 0.51 0.51 0.55 0.59 0.65 0.65 0.63 0.66 0.69
"195" "Liberia" 1.89 1.74 1.74 1.74 1.57 1.58 1.28 0.99 1.12 0.99 0.58 0.34 0.35 0.38 0.38 0.38 0.4 0.4 0.41 0.41 0.44 0.47 0.5 0.52 0.53 0.54 0.61 0.67 0.68 0.69
"196" "American Samoa" 0.4 0.46 0.64 0.4 0.46 0.43 0.48 0.49 0.49 0.56 0.58 0.58 0.6 0.6 0.58 0.57 0.58 0.58 0.58 0.58 0.56 0.56 0.57 0.57 0.57 0.61 0.6 0.65 0.65 0.67
"197" "Timor-Leste (East Timor)" NA NA NA NA NA NA NA NA NA NA NA NA NA NA NA NA NA NA NA NA NA NA NA 0.29 0.3 0.31 0.31 0.56 0.58 0.63
"198" "Greenland" NA NA NA NA NA NA NA NA NA NA NA NA 0.5 0.52 0.52 0.52 0.53 0.54 0.55 0.55 0.56 0.58 0.58 0.59 0.59 0.6 0.62 0.6 0.64 0.61
"199" "Guinea-Bissau" 0.08 0.08 0.08 0.08 0.11 0.12 0.1 0.19 0.21 0.22 0.28 0.29 0.29 0.31 0.32 0.32 0.32 0.32 0.32 0.32 0.36 0.36 0.37 0.38 0.38 0.4 0.39 0.4 0.46 0.46
"200" "Gambia" 0.15 0.15 0.15 0.15 0.17 0.16 0.16 0.19 0.19 0.19 0.19 0.2 0.2 0.22 0.24 0.22 0.22 0.22 0.24 0.24 0.26 0.28 0.29 0.29 0.3 0.31 0.32 0.4 0.38 0.44
"201" "Cayman Islands" 0.1 0.11 0.11 0.1 0.11 0.11 0.11 0.11 0.27 0.27 0.27 0.29 0.3 0.29 0.31 0.34 0.34 0.34 0.35 0.35 0.34 0.35 0.35 0.36 0.39 0.41 0.46 0.54 0.49 0.43
"202" "Saint Lucia" 0.11 0.09 0.11 0.1 0.1 0.12 0.12 0.13 0.17 0.17 0.17 0.17 0.18 0.17 0.19 0.2 0.2 0.21 0.21 0.21 0.33 0.35 0.35 0.39 0.37 0.38 0.38 0.39 0.41 0.41
"203" "Burundi" 0.1 0.11 0.1 0.11 0.14 0.15 0.15 0.16 0.24 0.27 0.29 0.33 0.32 0.35 0.37 0.36 0.37 0.37 0.38 0.38 0.37 0.4 0.4 0.42 0.38 0.37 0.36 0.33 0.35 0.37
"204" "Cape Verde" 0.3 0.3 0.13 0.13 0.16 0.16 0.05 0.06 0.08 0.09 0.1 0.1 0.11 0.11 0.12 0.11 0.12 0.12 0.12 0.12 0.17 0.14 0.14 0.14 0.3 0.25 0.29 0.34 0.32 0.34
"205" "Bhutan" 0.01 0.03 0.03 0.03 0.03 0.03 0.03 0.08 0.08 0.08 0.12 0.12 0.13 0.13 0.2 0.24 0.26 0.27 0.27 0.29 0.29 0.3 0.33 0.29 0.28 0.3 0.28 0.41 0.37 0.33
"206" "Western Sahara" 0.16 0.16 0.18 0.17 0.18 0.18 0.2 0.2 0.21 0.21 0.22 0.22 0.22 0.22 0.22 0.23 0.23 0.23 0.23 0.23 0.27 0.27 0.27 0.27 0.27 0.3 0.27 0.29 0.32 0.32
"207" "Antarctica" 0.14 0.14 0.15 0.14 0.18 0.2 0.2 0.2 0.21 0.21 0.21 0.22 0.22 0.22 0.22 0.23 0.23 0.23 0.23 0.23 0.23 0.23 0.23 0.24 0.24 0.25 0.25 0.24 0.26 0.31
"208" "Grenada" 0.05 0.05 0.06 0.06 0.06 0.06 0.07 0.07 0.08 0.08 0.12 0.12 0.13 0.14 0.16 0.15 0.17 0.21 0.19 0.19 0.12 0.2 0.23 0.24 0.24 0.25 0.26 0.26 0.28 0.3
"209" "Saint Kitts and Nevis" 0.05 0.05 0.06 0.05 0.05 0.05 0.05 0.06 0.07 0.07 0.07 0.08 0.08 0.09 0.1 0.09 0.1 0.1 0.1 0.1 0.1 0.1 0.1 0.12 0.13 0.14 0.18 0.26 0.27 0.3
"210" "Central African Republic" 0.14 0.18 0.19 0.21 0.2 0.2 0.21 0.22 0.24 0.23 0.25 0.26 0.27 0.27 0.29 0.29 0.29 0.3 0.31 0.31 0.32 0.33 0.34 0.34 0.32 0.31 0.32 0.36 0.34 0.29
"211" "Chad" 0.28 0.26 0.26 0.26 0.12 0.15 0.28 0.24 0.16 0.17 0.34 0.32 0.33 0.16 0.17 0.17 0.17 0.18 0.18 0.18 0.19 0.19 0.2 0.2 0.19 0.21 0.23 0.26 0.26 0.29
"212" "Solomon Islands" 0.1 0.14 0.13 0.14 0.14 0.12 0.13 0.15 0.16 0.17 0.17 0.17 0.17 0.17 0.17 0.17 0.17 0.17 0.17 0.17 0.18 0.18 0.18 0.18 0.19 0.21 0.19 0.22 0.23 0.29
"213" "U.S. Pacific Islands" 0.15 0.15 0.15 0.15 0.14 0.13 0.13 0.13 0.18 0.28 0.29 0.29 0.3 0.29 0.29 0.3 0.3 0.3 0.3 0.3 0.3 0.3 0.3 0.3 0.3 0.3 0.3 0.31 0.29 0.29
"214" "Saint Vincent/Grenadines" 0.04 0.03 0.04 0.04 0.04 0.04 0.04 0.04 0.05 0.08 0.08 0.08 0.08 0.08 0.12 0.13 0.13 0.13 0.16 0.16 0.17 0.17 0.18 0.19 0.2 0.2 0.19 0.2 0.23 0.27
"215" "Lesotho" 0.15 0.14 0.15 0.15 0.15 0.15 0.16 0.16 0.1 0.16 0.16 0.16 0.16 0.16 0.18 0.18 0.18 0.18 0.18 0.18 0.21 0.21 0.21 0.21 0.21 0.23 0.23 0.26 0.26 0.27
"216" "Nauru" 0.13 0.13 0.13 0.13 0.13 0.13 0.15 0.15 0.15 0.15 0.16 0.16 0.16 0.16 0.16 0.16 0.16 0.16 0.16 0.16 0.16 0.16 0.17 0.17 0.17 0.18 0.17 0.18 0.19 0.2
"217" "Montserrat" 0.02 0.02 0.02 0.02 0.02 0.02 0.02 0.03 0.03 0.03 0.04 0.03 0.04 0.04 0.04 0.05 0.04 0.05 0.05 0.05 0.05 0.05 0.05 0.06 0.07 0.07 0.08 0.08 0.09 0.15
"218" "Virgin Islands, British" 0.02 0.03 0.03 0.03 0.03 0.03 0.04 0.04 0.05 0.05 0.05 0.05 0.05 0.05 0.05 0.05 0.06 0.06 0.06 0.06 0.06 0.06 0.06 0.07 0.09 0.1 0.1 0.11 0.12 0.15
"219" "Comoros" 0.04 0.04 0.04 0.04 0.04 0.04 0.04 0.05 0.05 0.05 0.07 0.07 0.07 0.07 0.07 0.08 0.08 0.08 0.09 0.09 0.1 0.1 0.1 0.1 0.11 0.11 0.11 0.14 0.12 0.15
"220" "Sao Tome and Principe" 0.03 0.03 0.03 0.03 0.03 0.03 0.03 0.03 0.03 0.03 0.07 0.07 0.08 0.08 0.08 0.08 0.08 0.08 0.08 0.08 0.09 0.09 0.1 0.1 0.1 0.1 0.11 0.13 0.13 0.15
"221" "Cook Islands" 0.03 0.06 0.06 0.06 0.06 0.06 0.05 0.05 0.05 0.05 0.05 0.04 0.05 0.05 0.05 0.05 0.05 0.05 0.05 0.05 0.06 0.06 0.06 0.06 0.06 0.07 0.07 0.07 0.09 0.15
"222" "Samoa" 0.09 0.1 0.11 0.11 0.14 0.11 0.12 0.12 0.12 0.12 0.13 0.13 0.13 0.13 0.13 0.14 0.14 0.14 0.14 0.14 0.14 0.14 0.15 0.15 0.16 0.17 0.16 0.16 0.18 0.15
"223" "Tonga" 0.03 0.04 0.04 0.04 0.04 0.04 0.05 0.07 0.08 0.09 0.09 0.1 0.1 0.1 0.12 0.12 0.13 0.13 0.13 0.13 0.13 0.13 0.11 0.11 0.12 0.15 0.18 0.19 0.2 0.15
"224" "Vanuatu" 0.12 0.1 0.1 0.1 0.1 0.11 0.12 0.12 0.14 0.12 0.13 0.1 0.07 0.07 0.07 0.07 0.07 0.07 0.07 0.07 0.08 0.08 0.09 0.09 0.09 0.1 0.1 0.11 0.12 0.15
"225" "Dominica" 0.03 0.03 0.04 0.03 0.04 0.04 0.04 0.04 0.06 0.06 0.06 0.06 0.06 0.06 0.07 0.08 0.08 0.08 0.08 0.08 0.08 0.1 0.11 0.12 0.11 0.09 0.12 0.12 0.13 0.14
"226" "Saint Pierre and Miquelon" 0.15 0.15 0.13 0.15 0.14 0.13 0.17 0.22 0.23 0.27 0.26 0.25 0.23 0.13 0.13 0.09 0.09 0.06 0.07 0.07 0.08 0.07 0.07 0.08 0.08 0.08 0.09 0.09 0.09 0.11
"227" "Turks and Caicos Islands" NA NA NA NA NA NA NA NA NA NA NA NA NA NA NA NA NA NA NA NA NA 0.02 0.01 0.01 0.01 0.01 0.01 0.07 0.08 0.08
"228" "Falkland Islands (Islas Malvinas)" 0.01 0.01 0.01 0.01 0.01 0.01 0.02 0.02 0.03 0.03 0.03 0.03 0.03 0.03 0.03 0.03 0.03 0.03 0.03 0.03 0.03 0.03 0.03 0.03 0.04 0.04 0.04 0.05 0.05 0.05
"229" "Kiribati" 0.02 0.03 0.03 0.03 0.02 0.02 0.02 0.02 0.02 0.02 0.02 0.03 0.02 0.02 0.02 0.02 0.02 0.02 0.02 0.02 0.03 0.03 0.03 0.03 0.03 0.04 0.04 0.04 0.04 0.04
"230" "Saint Helena" NA 0 0 0 0 0 0 0.01 0.01 0.01 0.01 0 0 0.01 0.01 0.01 0.01 0.01 0.01 0.01 0.02 0.01 0.01 0.01 0.01 0.01 0.01 0.01 0.01 0.01
"231" "Niue" 0 0 0 0 0 0 0 0 0 0 0 0 0 0 0 0 0 0 0 0 0 0 0 0 0 0 0 0.01 0.01 0.01
